1.000000,0.993136,3.166772
2.000000,0.995254,4.380751
3.000000,0.996153,5.326080
4.000000,0.996681,6.127894
5.000000,0.997037,6.836685
6.000000,0.997299,7.478852
7.000000,0.997502,8.070261
8.000000,0.997665,8.621329
9.000000,0.997800,9.139334
10.000000,0.997914,9.629599
11.000000,0.998011,10.096152
12.000000,0.998097,10.542135
13.000000,0.998172,10.970050
14.000000,0.998238,11.381929
15.000000,0.998299,11.779451
16.000000,0.998353,12.164021
17.000000,0.998402,12.536826
18.000000,0.998447,12.898886
19.000000,0.998489,13.251079
20.000000,0.998527,13.594170
21.000000,0.998563,13.928831
22.000000,0.998596,14.255654
23.000000,0.998627,14.575164
24.000000,0.998656,14.887833
25.000000,0.998683,15.194082
26.000000,0.998709,15.494290
27.000000,0.998733,15.788802
28.000000,0.998756,16.077930
29.000000,0.998778,16.361959
30.000000,0.998798,16.641149
31.000000,0.998818,16.915740
32.000000,0.998836,17.185952
33.000000,0.998854,17.451987
34.000000,0.998871,17.714035
35.000000,0.998887,17.972268
36.000000,0.998903,18.226849
37.000000,0.998918,18.477928
38.000000,0.998932,18.725647
39.000000,0.998946,18.970136
40.000000,0.998959,19.211518
41.000000,0.998972,19.449910
42.000000,0.998984,19.685419
43.000000,0.998996,19.918149
44.000000,0.999008,20.148194
45.000000,0.999019,20.375645
46.000000,0.999030,20.600589
47.000000,0.999040,20.823107
48.000000,0.999050,21.043275
49.000000,0.999060,21.261167
50.000000,0.999069,21.476851
51.000000,0.999079,21.690394
52.000000,0.999087,21.901857
53.000000,0.999096,22.111301
54.000000,0.999104,22.318782
55.000000,0.999113,22.524355
56.000000,0.999121,22.728070
57.000000,0.999128,22.929979
58.000000,0.999136,23.130127
59.000000,0.999143,23.328560
60.000000,0.999150,23.525321
61.000000,0.999157,23.720453
62.000000,0.999164,23.913994
63.000000,0.999171,24.105983
64.000000,0.999177,24.296457
65.000000,0.999184,24.485452
66.000000,0.999190,24.673000
67.000000,0.999196,24.859135
68.000000,0.999202,25.043889
69.000000,0.999208,25.227290
70.000000,0.999214,25.409370
71.000000,0.999219,25.590156
72.000000,0.999225,25.769675
73.000000,0.999230,25.947954
74.000000,0.999235,26.125017
75.000000,0.999240,26.300890
76.000000,0.999245,26.475595
77.000000,0.999250,26.649157
78.000000,0.999255,26.821597
79.000000,0.999260,26.992936
80.000000,0.999264,27.163196
81.000000,0.999269,27.332396
82.000000,0.999273,27.500557
83.000000,0.999278,27.667697
84.000000,0.999282,27.833834
85.000000,0.999286,27.998986
86.000000,0.999290,28.163171
87.000000,0.999295,28.326405
88.000000,0.999299,28.488705
89.000000,0.999303,28.650087
90.000000,0.999306,28.810565
91.000000,0.999310,28.970156
92.000000,0.999314,29.128873
93.000000,0.999318,29.286730
94.000000,0.999321,29.443743
95.000000,0.999325,29.599923
96.000000,0.999328,29.755284
97.000000,0.999332,29.909839
98.000000,0.999335,30.063601
99.000000,0.999339,30.216580
100.000000,0.999342,30.368790
101.000000,0.999345,30.520242
102.000000,0.999348,30.670946
103.000000,0.999352,30.820914
104.000000,0.999355,30.970157
105.000000,0.999358,31.118685
106.000000,0.999361,31.266508
107.000000,0.999364,31.413635
108.000000,0.999367,31.560078
109.000000,0.999370,31.705845
110.000000,0.999373,31.850945
111.000000,0.999375,31.995388
112.000000,0.999378,32.139182
113.000000,0.999381,32.282337
114.000000,0.999384,32.424860
115.000000,0.999386,32.566760
116.000000,0.999389,32.708045
117.000000,0.999392,32.848723
118.000000,0.999394,32.988801
119.000000,0.999397,33.128288
120.000000,0.999399,33.267190
121.000000,0.999402,33.405515
122.000000,0.999404,33.543271
123.000000,0.999407,33.680463
124.000000,0.999409,33.817099
125.000000,0.999411,33.953186
126.000000,0.999414,34.088731
127.000000,0.999416,34.223738
128.000000,0.999418,34.358216
129.000000,0.999421,34.492170
130.000000,0.999423,34.625606
131.000000,0.999425,34.758531
132.000000,0.999427,34.890949
133.000000,0.999429,35.022867
134.000000,0.999432,35.154291
135.000000,0.999434,35.285224
136.000000,0.999436,35.415676
137.000000,0.999438,35.545648
138.000000,0.999440,35.675147
139.000000,0.999442,35.804179
140.000000,0.999444,35.932747
141.000000,0.999446,36.060857
142.000000,0.999448,36.188514
143.000000,0.999450,36.315723
144.000000,0.999452,36.442489
145.000000,0.999454,36.568815
146.000000,0.999455,36.694706
147.000000,0.999457,36.820167
148.000000,0.999459,36.945203
149.000000,0.999461,37.069818
150.000000,0.999463,37.194016
151.000000,0.999465,37.317799
152.000000,0.999466,37.441174
153.000000,0.999468,37.564145
154.000000,0.999470,37.686714
155.000000,0.999471,37.808886
156.000000,0.999473,37.930666
157.000000,0.999475,38.052055
158.000000,0.999477,38.173060
159.000000,0.999478,38.293682
160.000000,0.999480,38.413926
161.000000,0.999481,38.533794
162.000000,0.999483,38.653291
163.000000,0.999485,38.772420
164.000000,0.999486,38.891185
165.000000,0.999488,39.009588
166.000000,0.999489,39.127634
167.000000,0.999491,39.245324
168.000000,0.999492,39.362662
169.000000,0.999494,39.479653
170.000000,0.999495,39.596298
171.000000,0.999497,39.712601
172.000000,0.999498,39.828564
173.000000,0.999500,39.944191
174.000000,0.999501,40.059484
175.000000,0.999503,40.174447
176.000000,0.999504,40.289082
177.000000,0.999505,40.403391
178.000000,0.999507,40.517379
179.000000,0.999508,40.631048
180.000000,0.999510,40.744399
181.000000,0.999511,40.857435
182.000000,0.999512,40.970160
183.000000,0.999514,41.082577
184.000000,0.999515,41.194687
185.000000,0.999516,41.306492
186.000000,0.999518,41.417996
187.000000,0.999519,41.529201
188.000000,0.999520,41.640110
189.000000,0.999521,41.750724
190.000000,0.999523,41.861045
191.000000,0.999524,41.971076
192.000000,0.999525,42.080821
193.000000,0.999526,42.190280
194.000000,0.999528,42.299456
195.000000,0.999529,42.408352
196.000000,0.999530,42.516968
197.000000,0.999531,42.625308
198.000000,0.999532,42.733373
199.000000,0.999534,42.841167
200.000000,0.999535,42.948689
201.000000,0.999536,43.055943
202.000000,0.999537,43.162932
203.000000,0.999538,43.269654
204.000000,0.999539,43.376117
205.000000,0.999540,43.482317
206.000000,0.999542,43.588259
207.000000,0.999543,43.693946
208.000000,0.999544,43.799376
209.000000,0.999545,43.904553
210.000000,0.999546,44.009480
211.000000,0.999547,44.114156
212.000000,0.999548,44.218585
213.000000,0.999549,44.322770
214.000000,0.999550,44.426708
215.000000,0.999551,44.530405
216.000000,0.999552,44.633862
217.000000,0.999553,44.737079
218.000000,0.999554,44.840060
219.000000,0.999555,44.942803
220.000000,0.999556,45.045312
221.000000,0.999557,45.147590
222.000000,0.999558,45.249633
223.000000,0.999559,45.351454
224.000000,0.999560,45.453040
225.000000,0.999561,45.554404
226.000000,0.999562,45.655540
227.000000,0.999563,45.756456
228.000000,0.999564,45.857146
229.000000,0.999565,45.957618
230.000000,0.999566,46.057871
231.000000,0.999567,46.157907
232.000000,0.999568,46.257724
233.000000,0.999569,46.357328
234.000000,0.999570,46.456719
235.000000,0.999571,46.555896
236.000000,0.999572,46.654865
237.000000,0.999573,46.753624
238.000000,0.999573,46.852174
239.000000,0.999574,46.950518
240.000000,0.999575,47.048656
241.000000,0.999576,47.146590
242.000000,0.999577,47.244321
243.000000,0.999578,47.341851
244.000000,0.999579,47.439181
245.000000,0.999580,47.536312
246.000000,0.999580,47.633242
247.000000,0.999581,47.729978
248.000000,0.999582,47.826516
249.000000,0.999583,47.922862
250.000000,0.999584,48.019015
251.000000,0.999585,48.114975
252.000000,0.999585,48.210743
253.000000,0.999586,48.306324
254.000000,0.999587,48.401716
255.000000,0.999588,48.496919
256.000000,0.999589,48.591937
257.000000,0.999590,48.686767
258.000000,0.999590,48.781415
259.000000,0.999591,48.875879
260.000000,0.999592,48.970162
261.000000,0.999593,49.064264
262.000000,0.999593,49.158184
263.000000,0.999594,49.251926
264.000000,0.999595,49.345489
265.000000,0.999596,49.438878
266.000000,0.999597,49.532088
267.000000,0.999597,49.625126
268.000000,0.999598,49.717986
269.000000,0.999599,49.810676
270.000000,0.999600,49.903193
271.000000,0.999600,49.995540
272.000000,0.999601,50.087715
273.000000,0.999602,50.179721
274.000000,0.999602,50.271562
275.000000,0.999603,50.363233
276.000000,0.999604,50.454736
277.000000,0.999605,50.546075
278.000000,0.999605,50.637250
279.000000,0.999606,50.728261
280.000000,0.999607,50.819109
281.000000,0.999607,50.909794
282.000000,0.999608,51.000319
283.000000,0.999609,51.090685
284.000000,0.999610,51.180888
285.000000,0.999610,51.270934
286.000000,0.999611,51.360822
287.000000,0.999612,51.450554
288.000000,0.999612,51.540127
289.000000,0.999613,51.629550
290.000000,0.999614,51.718816
291.000000,0.999614,51.807927
292.000000,0.999615,51.896886
293.000000,0.999616,51.985693
294.000000,0.999616,52.074347
295.000000,0.999617,52.162853
296.000000,0.999618,52.251208
297.000000,0.999618,52.339413
298.000000,0.999619,52.427469
299.000000,0.999619,52.515380
300.000000,0.999620,52.603143
301.000000,0.999621,52.690760
302.000000,0.999621,52.778231
303.000000,0.999622,52.865560
304.000000,0.999623,52.952741
305.000000,0.999623,53.039782
306.000000,0.999624,53.126679
307.000000,0.999624,53.213434
308.000000,0.999625,53.300051
309.000000,0.999626,53.386527
310.000000,0.999626,53.472858
311.000000,0.999627,53.559053
312.000000,0.999627,53.645110
313.000000,0.999628,53.731028
314.000000,0.999629,53.816810
315.000000,0.999629,53.902454
316.000000,0.999630,53.987965
317.000000,0.999630,54.073338
318.000000,0.999631,54.158577
319.000000,0.999632,54.243687
320.000000,0.999632,54.328660
321.000000,0.999633,54.413499
322.000000,0.999633,54.498207
323.000000,0.999634,54.582782
324.000000,0.999634,54.667230
325.000000,0.999635,54.751547
326.000000,0.999636,54.835731
327.000000,0.999636,54.919789
328.000000,0.999637,55.003717
329.000000,0.999637,55.087518
330.000000,0.999638,55.171194
331.000000,0.999638,55.254739
332.000000,0.999639,55.338163
333.000000,0.999639,55.421456
334.000000,0.999640,55.504629
335.000000,0.999641,55.587676
336.000000,0.999641,55.670597
337.000000,0.999642,55.753397
338.000000,0.999642,55.836072
339.000000,0.999643,55.918627
340.000000,0.999643,56.001060
341.000000,0.999644,56.083373
342.000000,0.999644,56.165563
343.000000,0.999645,56.247636
344.000000,0.999645,56.329589
345.000000,0.999646,56.411415
346.000000,0.999646,56.493131
347.000000,0.999647,56.574726
348.000000,0.999647,56.656209
349.000000,0.999648,56.737571
350.000000,0.999648,56.818815
351.000000,0.999649,56.899942
352.000000,0.999649,56.980959
353.000000,0.999650,57.061855
354.000000,0.999650,57.142638
355.000000,0.999651,57.223311
356.000000,0.999651,57.303867
357.000000,0.999652,57.384313
358.000000,0.999652,57.464642
359.000000,0.999653,57.544862
360.000000,0.999653,57.624969
361.000000,0.999654,57.704966
362.000000,0.999654,57.784851
363.000000,0.999655,57.864626
364.000000,0.999655,57.944297
365.000000,0.999656,58.023852
366.000000,0.999656,58.103301
367.000000,0.999657,58.182639
368.000000,0.999657,58.261871
369.000000,0.999657,58.340993
370.000000,0.999658,58.420010
371.000000,0.999658,58.498918
372.000000,0.999659,58.577723
373.000000,0.999659,58.656419
374.000000,0.999660,58.735014
375.000000,0.999660,58.813501
376.000000,0.999661,58.891884
377.000000,0.999661,58.970163
378.000000,0.999662,59.048337
379.000000,0.999662,59.126407
380.000000,0.999662,59.204378
381.000000,0.999663,59.282245
382.000000,0.999663,59.360005
383.000000,0.999664,59.437672
384.000000,0.999664,59.515229
385.000000,0.999665,59.592694
386.000000,0.999665,59.670052
387.000000,0.999666,59.747314
388.000000,0.999666,59.824470
389.000000,0.999666,59.901534
390.000000,0.999667,59.978496
391.000000,0.999667,60.055358
392.000000,0.999668,60.132124
393.000000,0.999668,60.208791
394.000000,0.999669,60.285362
395.000000,0.999669,60.361833
396.000000,0.999669,60.438206
397.000000,0.999670,60.514488
398.000000,0.999670,60.590670
399.000000,0.999670,60.666756
400.000000,0.999671,60.742753
401.000000,0.999671,60.818649
402.000000,0.999672,60.894453
403.000000,0.999672,60.970161
404.000000,0.999673,61.045775
405.000000,0.999673,61.121300
406.000000,0.999673,61.196729
407.000000,0.999674,61.272062
408.000000,0.999674,61.347305
409.000000,0.999675,61.422455
410.000000,0.999675,61.497516
411.000000,0.999675,61.572486
412.000000,0.999676,61.647366
413.000000,0.999676,61.722145
414.000000,0.999677,61.796844
415.000000,0.999677,61.871448
416.000000,0.999677,61.945965
417.000000,0.999678,62.020390
418.000000,0.999678,62.094728
419.000000,0.999678,62.168973
420.000000,0.999679,62.243135
421.000000,0.999679,62.317204
422.000000,0.999680,62.391191
423.000000,0.999680,62.465083
424.000000,0.999680,62.538891
425.000000,0.999681,62.612615
426.000000,0.999681,62.686245
427.000000,0.999682,62.759799
428.000000,0.999682,62.833263
429.000000,0.999682,62.906639
430.000000,0.999683,62.979928
431.000000,0.999683,63.053134
432.000000,0.999683,63.126257
433.000000,0.999684,63.199291
434.000000,0.999684,63.272244
435.000000,0.999685,63.345116
436.000000,0.999685,63.417899
437.000000,0.999685,63.490600
438.000000,0.999686,63.563219
439.000000,0.999686,63.635749
440.000000,0.999686,63.708207
441.000000,0.999687,63.780577
442.000000,0.999687,63.852867
443.000000,0.999687,63.925074
444.000000,0.999688,63.997200
445.000000,0.999688,64.069241
446.000000,0.999688,64.141207
447.000000,0.999689,64.213092
448.000000,0.999689,64.284894
449.000000,0.999689,64.356615
450.000000,0.999690,64.428263
451.000000,0.999690,64.499825
452.000000,0.999690,64.571301
453.000000,0.999691,64.642709
454.000000,0.999691,64.714035
455.000000,0.999691,64.785284
456.000000,0.999692,64.856447
457.000000,0.999692,64.927547
458.000000,0.999693,64.998559
459.000000,0.999693,65.069498
460.000000,0.999693,65.140349
461.000000,0.999694,65.211139
462.000000,0.999694,65.281837
463.000000,0.999694,65.352471
464.000000,0.999694,65.423020
465.000000,0.999695,65.493498
466.000000,0.999695,65.563900
467.000000,0.999695,65.634207
468.000000,0.999696,65.704478
469.000000,0.999696,65.774648
470.000000,0.999696,65.844750
471.000000,0.999697,65.914778
472.000000,0.999697,65.984728
473.000000,0.999697,66.054604
474.000000,0.999698,66.124414
475.000000,0.999698,66.194143
476.000000,0.999698,66.263795
477.000000,0.999699,66.333379
478.000000,0.999699,66.402894
479.000000,0.999699,66.472330
480.000000,0.999700,66.541694
481.000000,0.999700,66.610990
482.000000,0.999700,66.680214
483.000000,0.999701,66.749359
484.000000,0.999701,66.818441
485.000000,0.999701,66.887444
486.000000,0.999701,66.956383
487.000000,0.999702,67.025249
488.000000,0.999702,67.094044
489.000000,0.999702,67.162770
490.000000,0.999703,67.231425
491.000000,0.999703,67.300009
492.000000,0.999703,67.368520
493.000000,0.999704,67.436968
494.000000,0.999704,67.505340
495.000000,0.999704,67.573646
496.000000,0.999705,67.641884
497.000000,0.999705,67.710047
498.000000,0.999705,67.778151
499.000000,0.999705,67.846178
500.000000,0.999706,67.914144
501.000000,0.999706,67.982036
502.000000,0.999706,68.049866
503.000000,0.999707,68.117632
504.000000,0.999707,68.185316
505.000000,0.999707,68.252945
506.000000,0.999707,68.320503
507.000000,0.999708,68.387997
508.000000,0.999708,68.455423
509.000000,0.999708,68.522783
510.000000,0.999709,68.590073
511.000000,0.999709,68.657306
512.000000,0.999709,68.724462
513.000000,0.999709,68.791559
514.000000,0.999710,68.858583
515.000000,0.999710,68.925556
516.000000,0.999710,68.992459
517.000000,0.999711,69.059291
518.000000,0.999711,69.126060
519.000000,0.999711,69.192769
520.000000,0.999711,69.259409
521.000000,0.999712,69.325989
522.000000,0.999712,69.392500
523.000000,0.999712,69.458956
524.000000,0.999712,69.525341
525.000000,0.999713,69.591670
526.000000,0.999713,69.657925
527.000000,0.999713,69.724121
528.000000,0.999714,69.790258
529.000000,0.999714,69.856332
530.000000,0.999714,69.922343
531.000000,0.999714,69.988292
532.000000,0.999715,70.054175
533.000000,0.999715,70.119996
534.000000,0.999715,70.185765
535.000000,0.999715,70.251465
536.000000,0.999716,70.317097
537.000000,0.999716,70.382683
538.000000,0.999716,70.448198
539.000000,0.999717,70.513655
540.000000,0.999717,70.579050
541.000000,0.999717,70.644385
542.000000,0.999717,70.709660
543.000000,0.999718,70.774877
544.000000,0.999718,70.840030
545.000000,0.999718,70.905127
546.000000,0.999718,70.970160
547.000000,0.999719,71.035146
548.000000,0.999719,71.100054
549.000000,0.999719,71.164905
550.000000,0.999719,71.229713
551.000000,0.999720,71.294447
552.000000,0.999720,71.359131
553.000000,0.999720,71.423753
554.000000,0.999720,71.488314
555.000000,0.999721,71.552822
556.000000,0.999721,71.617272
557.000000,0.999721,71.681662
558.000000,0.999721,71.745988
559.000000,0.999722,71.810266
560.000000,0.999722,71.874476
561.000000,0.999722,71.938640
562.000000,0.999722,72.002737
563.000000,0.999723,72.066783
564.000000,0.999723,72.130777
565.000000,0.999723,72.194703
566.000000,0.999723,72.258577
567.000000,0.999724,72.322401
568.000000,0.999724,72.386165
569.000000,0.999724,72.449867
570.000000,0.999724,72.513525
571.000000,0.999725,72.577111
572.000000,0.999725,72.640662
573.000000,0.999725,72.704137
574.000000,0.999725,72.767561
575.000000,0.999726,72.830941
576.000000,0.999726,72.894253
577.000000,0.999726,72.957516
578.000000,0.999726,73.020730
579.000000,0.999727,73.083881
580.000000,0.999727,73.146977
581.000000,0.999727,73.210017
582.000000,0.999727,73.273007
583.000000,0.999727,73.335944
584.000000,0.999728,73.398826
585.000000,0.999728,73.461656
586.000000,0.999728,73.524436
587.000000,0.999728,73.587152
588.000000,0.999729,73.649821
589.000000,0.999729,73.712438
590.000000,0.999729,73.775001
591.000000,0.999729,73.837504
592.000000,0.999729,73.899959
593.000000,0.999730,73.962366
594.000000,0.999730,74.024718
595.000000,0.999730,74.087015
596.000000,0.999730,74.149263
597.000000,0.999731,74.211457
598.000000,0.999731,74.273597
599.000000,0.999731,74.335677
600.000000,0.999731,74.397718
601.000000,0.999732,74.459707
602.000000,0.999732,74.521647
603.000000,0.999732,74.583525
604.000000,0.999732,74.645356
605.000000,0.999733,74.707141
606.000000,0.999733,74.768870
607.000000,0.999733,74.830547
608.000000,0.999733,74.892172
609.000000,0.999733,74.953758
610.000000,0.999734,75.015280
611.000000,0.999734,75.076747
612.000000,0.999734,75.138173
613.000000,0.999734,75.199553
614.000000,0.999734,75.260879
615.000000,0.999735,75.322154
616.000000,0.999735,75.383387
617.000000,0.999735,75.444561
618.000000,0.999735,75.505687
619.000000,0.999736,75.566772
620.000000,0.999736,75.627785
621.000000,0.999736,75.688766
622.000000,0.999736,75.749698
623.000000,0.999736,75.810577
624.000000,0.999737,75.871416
625.000000,0.999737,75.932200
626.000000,0.999737,75.992940
627.000000,0.999737,76.053625
628.000000,0.999737,76.114249
629.000000,0.999738,76.174851
630.000000,0.999738,76.235385
631.000000,0.999738,76.295885
632.000000,0.999738,76.356330
633.000000,0.999739,76.416734
634.000000,0.999739,76.477081
635.000000,0.999739,76.537381
636.000000,0.999739,76.597645
637.000000,0.999739,76.657837
638.000000,0.999740,76.718004
639.000000,0.999740,76.778122
640.000000,0.999740,76.838184
641.000000,0.999740,76.898210
642.000000,0.999740,76.958173
643.000000,0.999740,77.018100
644.000000,0.999741,77.077989
645.000000,0.999741,77.137821
646.000000,0.999741,77.197602
647.000000,0.999741,77.257340
648.000000,0.999742,77.317044
649.000000,0.999742,77.376687
650.000000,0.999742,77.436291
651.000000,0.999742,77.495848
652.000000,0.999742,77.555357
653.000000,0.999742,77.614816
654.000000,0.999743,77.674243
655.000000,0.999743,77.733618
656.000000,0.999743,77.792948
657.000000,0.999743,77.852213
658.000000,0.999743,77.911462
659.000000,0.999744,77.970662
660.000000,0.999744,78.029802
661.000000,0.999744,78.088913
662.000000,0.999744,78.147974
663.000000,0.999745,78.206992
664.000000,0.999745,78.265964
665.000000,0.999745,78.324885
666.000000,0.999745,78.383760
667.000000,0.999745,78.442598
668.000000,0.999745,78.501389
669.000000,0.999746,78.560141
670.000000,0.999746,78.618853
671.000000,0.999746,78.677512
672.000000,0.999746,78.736129
673.000000,0.999746,78.794692
674.000000,0.999746,78.853227
675.000000,0.999747,78.911714
676.000000,0.999747,78.970179
677.000000,0.999747,79.028563
678.000000,0.999747,79.086933
679.000000,0.999748,79.145249
680.000000,0.999748,79.203507
681.000000,0.999748,79.261738
682.000000,0.999748,79.319918
683.000000,0.999748,79.378072
684.000000,0.999748,79.436161
685.000000,0.999749,79.494230
686.000000,0.999749,79.552248
687.000000,0.999749,79.610212
688.000000,0.999749,79.668155
689.000000,0.999749,79.726040
690.000000,0.999749,79.783882
691.000000,0.999750,79.841700
692.000000,0.999750,79.899459
693.000000,0.999750,79.957178
694.000000,0.999750,80.014870
695.000000,0.999750,80.072509
696.000000,0.999751,80.130102
697.000000,0.999751,80.187660
698.000000,0.999751,80.245171
699.000000,0.999751,80.302650
700.000000,0.999751,80.360083
701.000000,0.999752,80.417476
702.000000,0.999752,80.474822
703.000000,0.999752,80.532139
704.000000,0.999752,80.589395
705.000000,0.999752,80.646617
706.000000,0.999752,80.703824
707.000000,0.999752,80.760958
708.000000,0.999753,80.818078
709.000000,0.999753,80.875145
710.000000,0.999753,80.932173
711.000000,0.999753,80.989159
712.000000,0.999754,81.046115
713.000000,0.999754,81.103016
714.000000,0.999754,81.159884
715.000000,0.999754,81.216697
716.000000,0.999754,81.273504
717.000000,0.999754,81.330244
718.000000,0.999754,81.386949
719.000000,0.999755,81.443619
720.000000,0.999755,81.500243
721.000000,0.999755,81.556826
722.000000,0.999755,81.613376
723.000000,0.999755,81.669888
724.000000,0.999755,81.726370
725.000000,0.999756,81.782799
726.000000,0.999756,81.839190
727.000000,0.999756,81.895558
728.000000,0.999756,81.951880
729.000000,0.999756,82.008156
730.000000,0.999757,82.064393
731.000000,0.999757,82.120599
732.000000,0.999757,82.176739
733.000000,0.999757,82.232877
734.000000,0.999757,82.288976
735.000000,0.999757,82.345014
736.000000,0.999757,82.401004
737.000000,0.999758,82.456995
738.000000,0.999758,82.512927
739.000000,0.999758,82.568830
740.000000,0.999758,82.624670
741.000000,0.999758,82.680500
742.000000,0.999758,82.736281
743.000000,0.999759,82.792031
744.000000,0.999759,82.847756
745.000000,0.999759,82.903412
746.000000,0.999759,82.959041
747.000000,0.999759,83.014645
748.000000,0.999759,83.070198
749.000000,0.999760,83.125719
750.000000,0.999760,83.181220
751.000000,0.999760,83.236651
752.000000,0.999760,83.292054
753.000000,0.999760,83.347434
754.000000,0.999761,83.402789
755.000000,0.999760,83.458064
756.000000,0.999761,83.513326
757.000000,0.999761,83.568558
758.000000,0.999761,83.623755
759.000000,0.999761,83.678901
760.000000,0.999761,83.734032
761.000000,0.999762,83.789119
762.000000,0.999762,83.844154
763.000000,0.999762,83.899165
764.000000,0.999762,83.954131
765.000000,0.999762,84.009078
766.000000,0.999762,84.063981
767.000000,0.999762,84.118846
768.000000,0.999762,84.173665
769.000000,0.999763,84.228471
770.000000,0.999763,84.283221
771.000000,0.999763,84.337945
772.000000,0.999763,84.392642
773.000000,0.999763,84.447287
774.000000,0.999764,84.501921
775.000000,0.999764,84.556499
776.000000,0.999764,84.611038
777.000000,0.999764,84.665547
778.000000,0.999764,84.720028
779.000000,0.999764,84.774451
780.000000,0.999764,84.828847
781.000000,0.999765,84.883239
782.000000,0.999765,84.937584
783.000000,0.999765,84.991871
784.000000,0.999765,85.046144
785.000000,0.999765,85.100374
786.000000,0.999765,85.154574
787.000000,0.999765,85.208738
788.000000,0.999766,85.262875
789.000000,0.999766,85.316963
790.000000,0.999766,85.371029
791.000000,0.999766,85.425068
792.000000,0.999766,85.479048
793.000000,0.999766,85.533004
794.000000,0.999766,85.586914
795.000000,0.999767,85.640819
796.000000,0.999767,85.694681
797.000000,0.999767,85.748498
798.000000,0.999767,85.802278
799.000000,0.999767,85.856050
800.000000,0.999767,85.909755
801.000000,0.999767,85.963454
802.000000,0.999767,86.017096
803.000000,0.999768,86.070727
804.000000,0.999768,86.124330
805.000000,0.999768,86.177854
806.000000,0.999768,86.231395
807.000000,0.999768,86.284881
808.000000,0.999768,86.338336
809.000000,0.999769,86.391768
810.000000,0.999769,86.445152
811.000000,0.999769,86.498502
812.000000,0.999769,86.551829
813.000000,0.999769,86.605130
814.000000,0.999769,86.658386
815.000000,0.999770,86.711621
816.000000,0.999770,86.764791
817.000000,0.999770,86.817958
818.000000,0.999770,86.871075
819.000000,0.999770,86.924159
820.000000,0.999770,86.977231
821.000000,0.999770,87.030264
822.000000,0.999770,87.083263
823.000000,0.999771,87.136234
824.000000,0.999771,87.189141
825.000000,0.999771,87.242053
826.000000,0.999771,87.294936
827.000000,0.999771,87.347768
828.000000,0.999771,87.400574
829.000000,0.999771,87.453333
830.000000,0.999771,87.506073
831.000000,0.999772,87.558826
832.000000,0.999772,87.611463
833.000000,0.999772,87.664135
834.000000,0.999772,87.716734
835.000000,0.999772,87.769317
836.000000,0.999772,87.821881
837.000000,0.999772,87.874386
838.000000,0.999773,87.926902
839.000000,0.999773,87.979347
840.000000,0.999773,88.031762
841.000000,0.999773,88.084156
842.000000,0.999773,88.136534
843.000000,0.999774,88.188879
844.000000,0.999773,88.241156
845.000000,0.999774,88.293425
846.000000,0.999774,88.345670
847.000000,0.999774,88.397884
848.000000,0.999774,88.450056
849.000000,0.999774,88.502232
850.000000,0.999774,88.554324
851.000000,0.999775,88.606420
852.000000,0.999774,88.658461
853.000000,0.999775,88.710496
854.000000,0.999775,88.762482
855.000000,0.999775,88.814457
856.000000,0.999775,88.866372
857.000000,0.999775,88.918279
858.000000,0.999775,88.970161
859.000000,0.999776,89.022014
860.000000,0.999776,89.073837
861.000000,0.999776,89.125601
862.000000,0.999776,89.177348
863.000000,0.999776,89.229065
864.000000,0.999776,89.280782
865.000000,0.999777,89.332461
866.000000,0.999777,89.384079
867.000000,0.999777,89.435676
868.000000,0.999777,89.487252
869.000000,0.999777,89.538779
870.000000,0.999777,89.590302
871.000000,0.999777,89.641796
872.000000,0.999777,89.693243
873.000000,0.999777,89.744682
874.000000,0.999777,89.796053
875.000000,0.999778,89.847428
876.000000,0.999777,89.898745
877.000000,0.999778,89.950064
878.000000,0.999778,90.001333
879.000000,0.999778,90.052598
880.000000,0.999778,90.103810
881.000000,0.999778,90.155007
882.000000,0.999779,90.206190
883.000000,0.999778,90.257296
884.000000,0.999778,90.308399
885.000000,0.999779,90.359489
886.000000,0.999779,90.410544
887.000000,0.999779,90.461557
888.000000,0.999779,90.512547
889.000000,0.999779,90.563503
890.000000,0.999780,90.614451
891.000000,0.999780,90.665347
892.000000,0.999780,90.716207
893.000000,0.999780,90.767072
894.000000,0.999780,90.817884
895.000000,0.999780,90.868674
896.000000,0.999780,90.919450
897.000000,0.999780,90.970173
898.000000,0.999780,91.020867
899.000000,0.999780,91.071532
900.000000,0.999781,91.122181
901.000000,0.999781,91.172814
902.000000,0.999781,91.223403
903.000000,0.999781,91.273956
904.000000,0.999781,91.324507
905.000000,0.999781,91.375007
906.000000,0.999782,91.425503
907.000000,0.999781,91.475931
908.000000,0.999782,91.526372
909.000000,0.999782,91.576748
910.000000,0.999782,91.627128
911.000000,0.999782,91.677467
912.000000,0.999782,91.727783
913.000000,0.999782,91.778066
914.000000,0.999782,91.828338
915.000000,0.999782,91.878549
916.000000,0.999782,91.928757
917.000000,0.999783,91.978929
918.000000,0.999783,92.029088
919.000000,0.999783,92.079208
920.000000,0.999783,92.129316
921.000000,0.999783,92.179356
922.000000,0.999783,92.229401
923.000000,0.999783,92.279424
924.000000,0.999784,92.329411
925.000000,0.999784,92.379364
926.000000,0.999784,92.429300
927.000000,0.999784,92.479200
928.000000,0.999784,92.529075
929.000000,0.999784,92.578954
930.000000,0.999784,92.628757
931.000000,0.999784,92.678555
932.000000,0.999785,92.728337
933.000000,0.999785,92.778066
934.000000,0.999784,92.827765
935.000000,0.999785,92.877466
936.000000,0.999785,92.927139
937.000000,0.999785,92.976768
938.000000,0.999785,93.026394
939.000000,0.999785,93.075966
940.000000,0.999785,93.125523
941.000000,0.999785,93.175065
942.000000,0.999786,93.224603
943.000000,0.999786,93.274039
944.000000,0.999786,93.323487
945.000000,0.999786,93.372916
946.000000,0.999786,93.422334
947.000000,0.999786,93.471694
948.000000,0.999786,93.521059
949.000000,0.999786,93.570383
950.000000,0.999786,93.619663
951.000000,0.999786,93.668931
952.000000,0.999787,93.718190
953.000000,0.999787,93.767397
954.000000,0.999787,93.816604
955.000000,0.999787,93.865769
956.000000,0.999787,93.914915
957.000000,0.999787,93.964023
958.000000,0.999787,94.013092
959.000000,0.999787,94.062180
960.000000,0.999788,94.111250
961.000000,0.999787,94.160208
962.000000,0.999788,94.209214
963.000000,0.999788,94.258166
964.000000,0.999788,94.307110
965.000000,0.999788,94.356037
966.000000,0.999788,94.404913
967.000000,0.999788,94.453779
968.000000,0.999789,94.502620
969.000000,0.999789,94.551430
970.000000,0.999789,94.600210
971.000000,0.999789,94.648969
972.000000,0.999789,94.697702
973.000000,0.999789,94.746416
974.000000,0.999789,94.795080
975.000000,0.999789,94.843766
976.000000,0.999789,94.892391
977.000000,0.999789,94.940988
978.000000,0.999790,94.989601
979.000000,0.999790,95.038179
980.000000,0.999790,95.086696
981.000000,0.999790,95.135212
982.000000,0.999790,95.183705
983.000000,0.999790,95.232150
984.000000,0.999790,95.280576
985.000000,0.999790,95.328992
986.000000,0.999790,95.377369
987.000000,0.999791,95.425777
988.000000,0.999791,95.474084
989.000000,0.999791,95.522419
990.000000,0.999791,95.570687
991.000000,0.999791,95.618971
992.000000,0.999791,95.667175
993.000000,0.999791,95.715418
994.000000,0.999791,95.763626
995.000000,0.999792,95.811804
996.000000,0.999791,95.859917
997.000000,0.999792,95.908045
998.000000,0.999792,95.956125
999.000000,0.999792,96.004202
